1 amr 1 3
2 amr 1 9
3 amr 1 13
4 amr 1 14
5 amr 1 15
6 amr 1 18
7 amr 2 3
8 amr 2 9
9 amr 2 13
10 amr 2 14
11 amr 2 15
12 amr 2 18
13 amr 3 3
14 amr 3 9
15 amr 3 13
16 amr 3 14
17 amr 3 15
18 amr 3 18
19 amr 4 3
20 amr 4 9
21 amr 4 13
22 amr 4 14
23 amr 4 15
24 amr 4 18
25 amr 5 3
26 amr 5 9
27 amr 5 13
28 amr 5 14
29 amr 5 15
30 amr 5 18
31 amr 6 3
32 amr 6 9
33 amr 6 13
34 amr 6 14
35 amr 6 15
36 amr 6 18
37 amr 7 3
38 amr 7 9
39 amr 7 13
40 amr 7 14
41 amr 7 15
42 amr 7 18
43 amr 8 3
44 amr 8 9
45 amr 8 13
46 amr 8 14
47 amr 8 15
48 amr 8 18
49 amr 9 3
50 amr 9 9
51 amr 9 13
52 amr 9 14
53 amr 9 15
54 amr 9 18
55 amr 10 3
56 amr 10 9
57 amr 10 13
58 amr 10 14
59 amr 10 15
60 amr 10 18
61 amr 11 3
62 amr 11 9
63 amr 11 13
64 amr 11 14
65 amr 11 15
66 amr 11 18
67 amr 12 3
68 amr 12 9
69 amr 12 13
70 amr 12 14
71 amr 12 15
72 amr 12 18
73 amr 13 3
74 amr 13 9
75 amr 13 13
76 amr 13 14
77 amr 13 15
78 amr 13 18
79 amr 14 3
80 amr 14 9
81 amr 14 13
82 amr 14 14
83 amr 14 15
84 amr 14 18
85 amr 15 3
86 amr 15 9
87 amr 15 13
88 amr 15 14
89 amr 15 15
90 amr 15 18
91 amr 16 3
92 amr 16 9
93 amr 16 13
94 amr 16 14
95 amr 16 15
96 amr 16 18
97 amr 17 3
98 amr 17 9
99 amr 17 13
100 amr 17 14
101 amr 17 15
102 amr 17 18
103 amr 18 3
104 amr 18 9
105 amr 18 13
106 amr 18 14
107 amr 18 15
108 amr 18 18
109 amr 19 3
110 amr 19 9
111 amr 19 13
112 amr 19 14
113 amr 19 15
114 amr 19 18
115 amr 20 3
116 amr 20 9
117 amr 20 13
118 amr 20 14
119 amr 20 15
120 amr 20 18
121 amr 21 3
122 amr 21 9
123 amr 21 13
124 amr 21 14
125 amr 21 15
126 amr 21 18
127 amr 22 3
128 amr 22 9
129 amr 22 13
130 amr 22 14
131 amr 22 15
132 amr 22 18
133 amr 23 3
134 amr 23 9
135 amr 23 13
136 amr 23 14
137 amr 23 15
138 amr 23 18
139 amr 24 3
140 amr 24 9
141 amr 24 13
142 amr 24 14
143 amr 24 15
144 amr 24 18
145 amr 25 3
146 amr 25 9
147 amr 25 13
148 amr 25 14
149 amr 25 15
150 amr 25 18
151 amr 26 3
152 amr 26 9
153 amr 26 13
154 amr 26 14
155 amr 26 15
156 amr 26 18
157 amr 27 3
158 amr 27 9
159 amr 27 13
160 amr 27 14
161 amr 27 15
162 amr 27 18
163 amr 28 3
164 amr 28 9
165 amr 28 13
166 amr 28 14
167 amr 28 15
168 amr 28 18
169 amr 29 3
170 amr 29 9
171 amr 29 13
172 amr 29 14
173 amr 29 15
174 amr 29 18
175 amr 30 3
176 amr 30 9
177 amr 30 13
178 amr 30 14
179 amr 30 15
180 amr 30 18
181 amr 31 3
182 amr 31 9
183 amr 31 13
184 amr 31 14
185 amr 31 15
186 amr 31 18
187 amr 32 3
188 amr 32 9
189 amr 32 13
190 amr 32 14
191 amr 32 15
192 amr 32 18
193 amr 33 3
194 amr 33 9
195 amr 33 13
196 amr 33 14
197 amr 33 15
198 amr 33 18
199 amr 34 3
200 amr 34 9
201 amr 34 13
202 amr 34 14
203 amr 34 15
204 amr 34 18
205 amr 35 3
206 amr 35 9
207 amr 35 13
208 amr 35 14
209 amr 35 15
210 amr 35 18
211 amr 36 3
212 amr 36 9
213 amr 36 13
214 amr 36 14
215 amr 36 15
216 amr 36 18
217 amr 37 3
218 amr 37 9
219 amr 37 13
220 amr 37 14
221 amr 37 15
222 amr 37 18
223 amr 38 3
224 amr 38 9
225 amr 38 13
226 amr 38 14
227 amr 38 15
228 amr 38 18
229 amr 39 3
230 amr 39 9
231 amr 39 13
232 amr 39 14
233 amr 39 15
234 amr 39 18
235 amr 40 3
236 amr 40 9
237 amr 40 13
238 amr 40 14
239 amr 40 15
240 amr 40 18
241 amr 41 3
242 amr 41 9
243 amr 41 13
244 amr 41 14
245 amr 41 15
246 amr 41 18
247 amr 42 3
248 amr 42 9
249 amr 42 13
250 amr 42 14
251 amr 42 15
252 amr 42 18
253 amr 43 3
254 amr 43 9
255 amr 43 13
256 amr 43 14
257 amr 43 15
258 amr 43 18
259 amr 44 3
260 amr 44 9
261 amr 44 13
262 amr 44 14
263 amr 44 15
264 amr 44 18
265 amr 45 3
266 amr 45 9
267 amr 45 13
268 amr 45 14
269 amr 45 15
270 amr 45 18
271 amr 46 3
272 amr 46 9
273 amr 46 13
274 amr 46 14
275 amr 46 15
276 amr 46 18
277 amr 47 3
278 amr 47 9
279 amr 47 13
280 amr 47 14
281 amr 47 15
282 amr 47 18
283 amr 48 3
284 amr 48 9
285 amr 48 13
286 amr 48 14
287 amr 48 15
288 amr 48 18
289 amr 49 3
290 amr 49 9
291 amr 49 13
292 amr 49 14
293 amr 49 15
294 amr 49 18
295 amr 50 3
296 amr 50 9
297 amr 50 13
298 amr 50 14
299 amr 50 15
300 amr 50 18
301 amr 51 3
302 amr 51 9
303 amr 51 13
304 amr 51 14
305 amr 51 15
306 amr 51 18
307 amr 52 3
308 amr 52 9
309 amr 52 13
310 amr 52 14
311 amr 52 15
312 amr 52 18
313 amr 53 3
314 amr 53 9
315 amr 53 13
316 amr 53 14
317 amr 53 15
318 amr 53 18
319 amr 54 3
320 amr 54 9
321 amr 54 13
322 amr 54 14
323 amr 54 15
324 amr 54 18
325 amr 55 3
326 amr 55 9
327 amr 55 13
328 amr 55 14
329 amr 55 15
330 amr 55 18
331 amr 56 3
332 amr 56 9
333 amr 56 13
334 amr 56 14
335 amr 56 15
336 amr 56 18
337 amr 57 3
338 amr 57 9
339 amr 57 13
340 amr 57 14
341 amr 57 15
342 amr 57 18
343 amr 58 3
344 amr 58 9
345 amr 58 13
346 amr 58 14
347 amr 58 15
348 amr 58 18
349 amr 59 3
350 amr 59 9
351 amr 59 13
352 amr 59 14
353 amr 59 15
354 amr 59 18
355 amr 60 3
356 amr 60 9
357 amr 60 13
358 amr 60 14
359 amr 60 15
360 amr 60 18
361 amr 61 3
362 amr 61 9
363 amr 61 13
364 amr 61 14
365 amr 61 15
366 amr 61 18
367 amr 62 3
368 amr 62 9
369 amr 62 13
370 amr 62 14
371 amr 62 15
372 amr 62 18
373 amr 63 3
374 amr 63 9
375 amr 63 13
376 amr 63 14
377 amr 63 15
378 amr 63 18
379 amr 64 3
380 amr 64 9
381 amr 64 13
382 amr 64 14
383 amr 64 15
384 amr 64 18
385 amr 65 3
386 amr 65 9
387 amr 65 13
388 amr 65 14
389 amr 65 15
390 amr 65 18
391 amr 66 3
392 amr 66 9
393 amr 66 13
394 amr 66 14
395 amr 66 15
396 amr 66 18
397 amr 67 3
398 amr 67 9
399 amr 67 13
400 amr 67 14
401 amr 67 15
402 amr 67 18
403 amr 68 3
404 amr 68 9
405 amr 68 13
406 amr 68 14
407 amr 68 15
408 amr 68 18
409 amr 69 3
410 amr 69 9
411 amr 69 13
412 amr 69 14
413 amr 69 15
414 amr 69 18
415 amr 70 3
416 amr 70 9
417 amr 70 13
418 amr 70 14
419 amr 70 15
420 amr 70 18
421 amr 71 3
422 amr 71 9
423 amr 71 13
424 amr 71 14
425 amr 71 15
426 amr 71 18
427 amr 72 3
428 amr 72 9
429 amr 72 13
430 amr 72 14
431 amr 72 15
432 amr 72 18
433 amr 73 3
434 amr 73 9
435 amr 73 13
436 amr 73 14
437 amr 73 15
438 amr 73 18
439 amr 74 3
440 amr 74 9
441 amr 74 13
442 amr 74 14
443 amr 74 15
444 amr 74 18
445 amr 75 3
446 amr 75 9
447 amr 75 13
448 amr 75 14
449 amr 75 15
450 amr 75 18
451 amr 76 3
452 amr 76 9
453 amr 76 13
454 amr 76 14
455 amr 76 15
456 amr 76 18
457 amr 77 3
458 amr 77 9
459 amr 77 13
460 amr 77 14
461 amr 77 15
462 amr 77 18
463 amr 78 3
464 amr 78 9
465 amr 78 13
466 amr 78 14
467 amr 78 15
468 amr 78 18
469 amr 79 3
470 amr 79 9
471 amr 79 13
472 amr 79 14
473 amr 79 15
474 amr 79 18
475 amr 80 3
476 amr 80 9
477 amr 80 13
478 amr 80 14
479 amr 80 15
480 amr 80 18
481 amr 81 3
482 amr 81 9
483 amr 81 13
484 amr 81 14
485 amr 81 15
486 amr 81 18
487 amr 82 3
488 amr 82 9
489 amr 82 13
490 amr 82 14
491 amr 82 15
492 amr 82 18
493 amr 83 3
494 amr 83 9
495 amr 83 13
496 amr 83 14
497 amr 83 15
498 amr 83 18
499 amr 84 3
500 amr 84 9
501 amr 84 13
502 amr 84 14
503 amr 84 15
504 amr 84 18
505 amr 85 3
506 amr 85 9
507 amr 85 13
508 amr 85 14
509 amr 85 15
510 amr 85 18
511 amr 86 3
512 amr 86 9
513 amr 86 13
514 amr 86 14
515 amr 86 15
516 amr 86 18
517 amr 87 3
518 amr 87 9
519 amr 87 13
520 amr 87 14
521 amr 87 15
522 amr 87 18
523 amr 88 3
524 amr 88 9
525 amr 88 13
526 amr 88 14
527 amr 88 15
528 amr 88 18
529 amr 89 3
530 amr 89 9
531 amr 89 13
532 amr 89 14
533 amr 89 15
534 amr 89 18
535 amr 90 3
536 amr 90 9
537 amr 90 13
538 amr 90 14
539 amr 90 15
540 amr 90 18
541 amr 91 3
542 amr 91 9
543 amr 91 13
544 amr 91 14
545 amr 91 15
546 amr 91 18
547 amr 92 3
548 amr 92 9
549 amr 92 13
550 amr 92 14
551 amr 92 15
552 amr 92 18
553 amr 93 3
554 amr 93 9
555 amr 93 13
556 amr 93 14
557 amr 93 15
558 amr 93 18
559 amr 94 3
560 amr 94 9
561 amr 94 13
562 amr 94 14
563 amr 94 15
564 amr 94 18
565 amr 95 3
566 amr 95 9
567 amr 95 13
568 amr 95 14
569 amr 95 15
570 amr 95 18
571 amr 96 3
572 amr 96 9
573 amr 96 13
574 amr 96 14
575 amr 96 15
576 amr 96 18
577 amr 97 3
578 amr 97 9
579 amr 97 13
580 amr 97 14
581 amr 97 15
582 amr 97 18
583 amr 98 3
584 amr 98 9
585 amr 98 13
586 amr 98 14
587 amr 98 15
588 amr 98 18
589 amr 99 3
590 amr 99 9
591 amr 99 13
592 amr 99 14
593 amr 99 15
594 amr 99 18
595 amr 100 3
596 amr 100 9
597 amr 100 13
598 amr 100 14
599 amr 100 15
600 amr 100 18
601 eas 1 3
602 eas 1 9
603 eas 1 13
604 eas 1 14
605 eas 1 15
606 eas 1 18
607 eas 2 3
608 eas 2 9
609 eas 2 13
610 eas 2 14
611 eas 2 15
612 eas 2 18
613 eas 3 3
614 eas 3 9
615 eas 3 13
616 eas 3 14
617 eas 3 15
618 eas 3 18
619 eas 4 3
620 eas 4 9
621 eas 4 13
622 eas 4 14
623 eas 4 15
624 eas 4 18
625 eas 5 3
626 eas 5 9
627 eas 5 13
628 eas 5 14
629 eas 5 15
630 eas 5 18
631 eas 6 3
632 eas 6 9
633 eas 6 13
634 eas 6 14
635 eas 6 15
636 eas 6 18
637 eas 7 3
638 eas 7 9
639 eas 7 13
640 eas 7 14
641 eas 7 15
642 eas 7 18
643 eas 8 3
644 eas 8 9
645 eas 8 13
646 eas 8 14
647 eas 8 15
648 eas 8 18
649 eas 9 3
650 eas 9 9
651 eas 9 13
652 eas 9 14
653 eas 9 15
654 eas 9 18
655 eas 10 3
656 eas 10 9
657 eas 10 13
658 eas 10 14
659 eas 10 15
660 eas 10 18
661 eas 11 3
662 eas 11 9
663 eas 11 13
664 eas 11 14
665 eas 11 15
666 eas 11 18
667 eas 12 3
668 eas 12 9
669 eas 12 13
670 eas 12 14
671 eas 12 15
672 eas 12 18
673 eas 13 3
674 eas 13 9
675 eas 13 13
676 eas 13 14
677 eas 13 15
678 eas 13 18
679 eas 14 3
680 eas 14 9
681 eas 14 13
682 eas 14 14
683 eas 14 15
684 eas 14 18
685 eas 15 3
686 eas 15 9
687 eas 15 13
688 eas 15 14
689 eas 15 15
690 eas 15 18
691 eas 16 3
692 eas 16 9
693 eas 16 13
694 eas 16 14
695 eas 16 15
696 eas 16 18
697 eas 17 3
698 eas 17 9
699 eas 17 13
700 eas 17 14
701 eas 17 15
702 eas 17 18
703 eas 18 3
704 eas 18 9
705 eas 18 13
706 eas 18 14
707 eas 18 15
708 eas 18 18
709 eas 19 3
710 eas 19 9
711 eas 19 13
712 eas 19 14
713 eas 19 15
714 eas 19 18
715 eas 20 3
716 eas 20 9
717 eas 20 13
718 eas 20 14
719 eas 20 15
720 eas 20 18
721 eas 21 3
722 eas 21 9
723 eas 21 13
724 eas 21 14
725 eas 21 15
726 eas 21 18
727 eas 22 3
728 eas 22 9
729 eas 22 13
730 eas 22 14
731 eas 22 15
732 eas 22 18
733 eas 23 3
734 eas 23 9
735 eas 23 13
736 eas 23 14
737 eas 23 15
738 eas 23 18
739 eas 24 3
740 eas 24 9
741 eas 24 13
742 eas 24 14
743 eas 24 15
744 eas 24 18
745 eas 25 3
746 eas 25 9
747 eas 25 13
748 eas 25 14
749 eas 25 15
750 eas 25 18
751 eas 26 3
752 eas 26 9
753 eas 26 13
754 eas 26 14
755 eas 26 15
756 eas 26 18
757 eas 27 3
758 eas 27 9
759 eas 27 13
760 eas 27 14
761 eas 27 15
762 eas 27 18
763 eas 28 3
764 eas 28 9
765 eas 28 13
766 eas 28 14
767 eas 28 15
768 eas 28 18
769 eas 29 3
770 eas 29 9
771 eas 29 13
772 eas 29 14
773 eas 29 15
774 eas 29 18
775 eas 30 3
776 eas 30 9
777 eas 30 13
778 eas 30 14
779 eas 30 15
780 eas 30 18
781 eas 31 3
782 eas 31 9
783 eas 31 13
784 eas 31 14
785 eas 31 15
786 eas 31 18
787 eas 32 3
788 eas 32 9
789 eas 32 13
790 eas 32 14
791 eas 32 15
792 eas 32 18
793 eas 33 3
794 eas 33 9
795 eas 33 13
796 eas 33 14
797 eas 33 15
798 eas 33 18
799 eas 34 3
800 eas 34 9
801 eas 34 13
802 eas 34 14
803 eas 34 15
804 eas 34 18
805 eas 35 3
806 eas 35 9
807 eas 35 13
808 eas 35 14
809 eas 35 15
810 eas 35 18
811 eas 36 3
812 eas 36 9
813 eas 36 13
814 eas 36 14
815 eas 36 15
816 eas 36 18
817 eas 37 3
818 eas 37 9
819 eas 37 13
820 eas 37 14
821 eas 37 15
822 eas 37 18
823 eas 38 3
824 eas 38 9
825 eas 38 13
826 eas 38 14
827 eas 38 15
828 eas 38 18
829 eas 39 3
830 eas 39 9
831 eas 39 13
832 eas 39 14
833 eas 39 15
834 eas 39 18
835 eas 40 3
836 eas 40 9
837 eas 40 13
838 eas 40 14
839 eas 40 15
840 eas 40 18
841 eas 41 3
842 eas 41 9
843 eas 41 13
844 eas 41 14
845 eas 41 15
846 eas 41 18
847 eas 42 3
848 eas 42 9
849 eas 42 13
850 eas 42 14
851 eas 42 15
852 eas 42 18
853 eas 43 3
854 eas 43 9
855 eas 43 13
856 eas 43 14
857 eas 43 15
858 eas 43 18
859 eas 44 3
860 eas 44 9
861 eas 44 13
862 eas 44 14
863 eas 44 15
864 eas 44 18
865 eas 45 3
866 eas 45 9
867 eas 45 13
868 eas 45 14
869 eas 45 15
870 eas 45 18
871 eas 46 3
872 eas 46 9
873 eas 46 13
874 eas 46 14
875 eas 46 15
876 eas 46 18
877 eas 47 3
878 eas 47 9
879 eas 47 13
880 eas 47 14
881 eas 47 15
882 eas 47 18
883 eas 48 3
884 eas 48 9
885 eas 48 13
886 eas 48 14
887 eas 48 15
888 eas 48 18
889 eas 49 3
890 eas 49 9
891 eas 49 13
892 eas 49 14
893 eas 49 15
894 eas 49 18
895 eas 50 3
896 eas 50 9
897 eas 50 13
898 eas 50 14
899 eas 50 15
900 eas 50 18
901 eas 51 3
902 eas 51 9
903 eas 51 13
904 eas 51 14
905 eas 51 15
906 eas 51 18
907 eas 52 3
908 eas 52 9
909 eas 52 13
910 eas 52 14
911 eas 52 15
912 eas 52 18
913 eas 53 3
914 eas 53 9
915 eas 53 13
916 eas 53 14
917 eas 53 15
918 eas 53 18
919 eas 54 3
920 eas 54 9
921 eas 54 13
922 eas 54 14
923 eas 54 15
924 eas 54 18
925 eas 55 3
926 eas 55 9
927 eas 55 13
928 eas 55 14
929 eas 55 15
930 eas 55 18
931 eas 56 3
932 eas 56 9
933 eas 56 13
934 eas 56 14
935 eas 56 15
936 eas 56 18
937 eas 57 3
938 eas 57 9
939 eas 57 13
940 eas 57 14
941 eas 57 15
942 eas 57 18
943 eas 58 3
944 eas 58 9
945 eas 58 13
946 eas 58 14
947 eas 58 15
948 eas 58 18
949 eas 59 3
950 eas 59 9
951 eas 59 13
952 eas 59 14
953 eas 59 15
954 eas 59 18
955 eas 60 3
956 eas 60 9
957 eas 60 13
958 eas 60 14
959 eas 60 15
960 eas 60 18
961 eas 61 3
962 eas 61 9
963 eas 61 13
964 eas 61 14
965 eas 61 15
966 eas 61 18
967 eas 62 3
968 eas 62 9
969 eas 62 13
970 eas 62 14
971 eas 62 15
972 eas 62 18
973 eas 63 3
974 eas 63 9
975 eas 63 13
976 eas 63 14
977 eas 63 15
978 eas 63 18
979 eas 64 3
980 eas 64 9
981 eas 64 13
982 eas 64 14
983 eas 64 15
984 eas 64 18
985 eas 65 3
986 eas 65 9
987 eas 65 13
988 eas 65 14
989 eas 65 15
990 eas 65 18
991 eas 66 3
992 eas 66 9
993 eas 66 13
994 eas 66 14
995 eas 66 15
996 eas 66 18
997 eas 67 3
998 eas 67 9
999 eas 67 13
1000 eas 67 14
1001 eas 67 15
1002 eas 67 18
1003 eas 68 3
1004 eas 68 9
1005 eas 68 13
1006 eas 68 14
1007 eas 68 15
1008 eas 68 18
1009 eas 69 3
1010 eas 69 9
1011 eas 69 13
1012 eas 69 14
1013 eas 69 15
1014 eas 69 18
1015 eas 70 3
1016 eas 70 9
1017 eas 70 13
1018 eas 70 14
1019 eas 70 15
1020 eas 70 18
1021 eas 71 3
1022 eas 71 9
1023 eas 71 13
1024 eas 71 14
1025 eas 71 15
1026 eas 71 18
1027 eas 72 3
1028 eas 72 9
1029 eas 72 13
1030 eas 72 14
1031 eas 72 15
1032 eas 72 18
1033 eas 73 3
1034 eas 73 9
1035 eas 73 13
1036 eas 73 14
1037 eas 73 15
1038 eas 73 18
1039 eas 74 3
1040 eas 74 9
1041 eas 74 13
1042 eas 74 14
1043 eas 74 15
1044 eas 74 18
1045 eas 75 3
1046 eas 75 9
1047 eas 75 13
1048 eas 75 14
1049 eas 75 15
1050 eas 75 18
1051 eas 76 3
1052 eas 76 9
1053 eas 76 13
1054 eas 76 14
1055 eas 76 15
1056 eas 76 18
1057 eas 77 3
1058 eas 77 9
1059 eas 77 13
1060 eas 77 14
1061 eas 77 15
1062 eas 77 18
1063 eas 78 3
1064 eas 78 9
1065 eas 78 13
1066 eas 78 14
1067 eas 78 15
1068 eas 78 18
1069 eas 79 3
1070 eas 79 9
1071 eas 79 13
1072 eas 79 14
1073 eas 79 15
1074 eas 79 18
1075 eas 80 3
1076 eas 80 9
1077 eas 80 13
1078 eas 80 14
1079 eas 80 15
1080 eas 80 18
1081 eas 81 3
1082 eas 81 9
1083 eas 81 13
1084 eas 81 14
1085 eas 81 15
1086 eas 81 18
1087 eas 82 3
1088 eas 82 9
1089 eas 82 13
1090 eas 82 14
1091 eas 82 15
1092 eas 82 18
1093 eas 83 3
1094 eas 83 9
1095 eas 83 13
1096 eas 83 14
1097 eas 83 15
1098 eas 83 18
1099 eas 84 3
1100 eas 84 9
1101 eas 84 13
1102 eas 84 14
1103 eas 84 15
1104 eas 84 18
1105 eas 85 3
1106 eas 85 9
1107 eas 85 13
1108 eas 85 14
1109 eas 85 15
1110 eas 85 18
1111 eas 86 3
1112 eas 86 9
1113 eas 86 13
1114 eas 86 14
1115 eas 86 15
1116 eas 86 18
1117 eas 87 3
1118 eas 87 9
1119 eas 87 13
1120 eas 87 14
1121 eas 87 15
1122 eas 87 18
1123 eas 88 3
1124 eas 88 9
1125 eas 88 13
1126 eas 88 14
1127 eas 88 15
1128 eas 88 18
1129 eas 89 3
1130 eas 89 9
1131 eas 89 13
1132 eas 89 14
1133 eas 89 15
1134 eas 89 18
1135 eas 90 3
1136 eas 90 9
1137 eas 90 13
1138 eas 90 14
1139 eas 90 15
1140 eas 90 18
1141 eas 91 3
1142 eas 91 9
1143 eas 91 13
1144 eas 91 14
1145 eas 91 15
1146 eas 91 18
1147 eas 92 3
1148 eas 92 9
1149 eas 92 13
1150 eas 92 14
1151 eas 92 15
1152 eas 92 18
1153 eas 93 3
1154 eas 93 9
1155 eas 93 13
1156 eas 93 14
1157 eas 93 15
1158 eas 93 18
1159 eas 94 3
1160 eas 94 9
1161 eas 94 13
1162 eas 94 14
1163 eas 94 15
1164 eas 94 18
1165 eas 95 3
1166 eas 95 9
1167 eas 95 13
1168 eas 95 14
1169 eas 95 15
1170 eas 95 18
1171 eas 96 3
1172 eas 96 9
1173 eas 96 13
1174 eas 96 14
1175 eas 96 15
1176 eas 96 18
1177 eas 97 3
1178 eas 97 9
1179 eas 97 13
1180 eas 97 14
1181 eas 97 15
1182 eas 97 18
1183 eas 98 3
1184 eas 98 9
1185 eas 98 13
1186 eas 98 14
1187 eas 98 15
1188 eas 98 18
1189 eas 99 3
1190 eas 99 9
1191 eas 99 13
1192 eas 99 14
1193 eas 99 15
1194 eas 99 18
1195 eas 100 3
1196 eas 100 9
1197 eas 100 13
1198 eas 100 14
1199 eas 100 15
1200 eas 100 18
1201 eur 1 3
1202 eur 1 9
1203 eur 1 13
1204 eur 1 14
1205 eur 1 15
1206 eur 1 18
1207 eur 2 3
1208 eur 2 9
1209 eur 2 13
1210 eur 2 14
1211 eur 2 15
1212 eur 2 18
1213 eur 3 3
1214 eur 3 9
1215 eur 3 13
1216 eur 3 14
1217 eur 3 15
1218 eur 3 18
1219 eur 4 3
1220 eur 4 9
1221 eur 4 13
1222 eur 4 14
1223 eur 4 15
1224 eur 4 18
1225 eur 5 3
1226 eur 5 9
1227 eur 5 13
1228 eur 5 14
1229 eur 5 15
1230 eur 5 18
1231 eur 6 3
1232 eur 6 9
1233 eur 6 13
1234 eur 6 14
1235 eur 6 15
1236 eur 6 18
1237 eur 7 3
1238 eur 7 9
1239 eur 7 13
1240 eur 7 14
1241 eur 7 15
1242 eur 7 18
1243 eur 8 3
1244 eur 8 9
1245 eur 8 13
1246 eur 8 14
1247 eur 8 15
1248 eur 8 18
1249 eur 9 3
1250 eur 9 9
1251 eur 9 13
1252 eur 9 14
1253 eur 9 15
1254 eur 9 18
1255 eur 10 3
1256 eur 10 9
1257 eur 10 13
1258 eur 10 14
1259 eur 10 15
1260 eur 10 18
1261 eur 11 3
1262 eur 11 9
1263 eur 11 13
1264 eur 11 14
1265 eur 11 15
1266 eur 11 18
1267 eur 12 3
1268 eur 12 9
1269 eur 12 13
1270 eur 12 14
1271 eur 12 15
1272 eur 12 18
1273 eur 13 3
1274 eur 13 9
1275 eur 13 13
1276 eur 13 14
1277 eur 13 15
1278 eur 13 18
1279 eur 14 3
1280 eur 14 9
1281 eur 14 13
1282 eur 14 14
1283 eur 14 15
1284 eur 14 18
1285 eur 15 3
1286 eur 15 9
1287 eur 15 13
1288 eur 15 14
1289 eur 15 15
1290 eur 15 18
1291 eur 16 3
1292 eur 16 9
1293 eur 16 13
1294 eur 16 14
1295 eur 16 15
1296 eur 16 18
1297 eur 17 3
1298 eur 17 9
1299 eur 17 13
1300 eur 17 14
1301 eur 17 15
1302 eur 17 18
1303 eur 18 3
1304 eur 18 9
1305 eur 18 13
1306 eur 18 14
1307 eur 18 15
1308 eur 18 18
1309 eur 19 3
1310 eur 19 9
1311 eur 19 13
1312 eur 19 14
1313 eur 19 15
1314 eur 19 18
1315 eur 20 3
1316 eur 20 9
1317 eur 20 13
1318 eur 20 14
1319 eur 20 15
1320 eur 20 18
1321 eur 21 3
1322 eur 21 9
1323 eur 21 13
1324 eur 21 14
1325 eur 21 15
1326 eur 21 18
1327 eur 22 3
1328 eur 22 9
1329 eur 22 13
1330 eur 22 14
1331 eur 22 15
1332 eur 22 18
1333 eur 23 3
1334 eur 23 9
1335 eur 23 13
1336 eur 23 14
1337 eur 23 15
1338 eur 23 18
1339 eur 24 3
1340 eur 24 9
1341 eur 24 13
1342 eur 24 14
1343 eur 24 15
1344 eur 24 18
1345 eur 25 3
1346 eur 25 9
1347 eur 25 13
1348 eur 25 14
1349 eur 25 15
1350 eur 25 18
1351 eur 26 3
1352 eur 26 9
1353 eur 26 13
1354 eur 26 14
1355 eur 26 15
1356 eur 26 18
1357 eur 27 3
1358 eur 27 9
1359 eur 27 13
1360 eur 27 14
1361 eur 27 15
1362 eur 27 18
1363 eur 28 3
1364 eur 28 9
1365 eur 28 13
1366 eur 28 14
1367 eur 28 15
1368 eur 28 18
1369 eur 29 3
1370 eur 29 9
1371 eur 29 13
1372 eur 29 14
1373 eur 29 15
1374 eur 29 18
1375 eur 30 3
1376 eur 30 9
1377 eur 30 13
1378 eur 30 14
1379 eur 30 15
1380 eur 30 18
1381 eur 31 3
1382 eur 31 9
1383 eur 31 13
1384 eur 31 14
1385 eur 31 15
1386 eur 31 18
1387 eur 32 3
1388 eur 32 9
1389 eur 32 13
1390 eur 32 14
1391 eur 32 15
1392 eur 32 18
1393 eur 33 3
1394 eur 33 9
1395 eur 33 13
1396 eur 33 14
1397 eur 33 15
1398 eur 33 18
1399 eur 34 3
1400 eur 34 9
1401 eur 34 13
1402 eur 34 14
1403 eur 34 15
1404 eur 34 18
1405 eur 35 3
1406 eur 35 9
1407 eur 35 13
1408 eur 35 14
1409 eur 35 15
1410 eur 35 18
1411 eur 36 3
1412 eur 36 9
1413 eur 36 13
1414 eur 36 14
1415 eur 36 15
1416 eur 36 18
1417 eur 37 3
1418 eur 37 9
1419 eur 37 13
1420 eur 37 14
1421 eur 37 15
1422 eur 37 18
1423 eur 38 3
1424 eur 38 9
1425 eur 38 13
1426 eur 38 14
1427 eur 38 15
1428 eur 38 18
1429 eur 39 3
1430 eur 39 9
1431 eur 39 13
1432 eur 39 14
1433 eur 39 15
1434 eur 39 18
1435 eur 40 3
1436 eur 40 9
1437 eur 40 13
1438 eur 40 14
1439 eur 40 15
1440 eur 40 18
1441 eur 41 3
1442 eur 41 9
1443 eur 41 13
1444 eur 41 14
1445 eur 41 15
1446 eur 41 18
1447 eur 42 3
1448 eur 42 9
1449 eur 42 13
1450 eur 42 14
1451 eur 42 15
1452 eur 42 18
1453 eur 43 3
1454 eur 43 9
1455 eur 43 13
1456 eur 43 14
1457 eur 43 15
1458 eur 43 18
1459 eur 44 3
1460 eur 44 9
1461 eur 44 13
1462 eur 44 14
1463 eur 44 15
1464 eur 44 18
1465 eur 45 3
1466 eur 45 9
1467 eur 45 13
1468 eur 45 14
1469 eur 45 15
1470 eur 45 18
1471 eur 46 3
1472 eur 46 9
1473 eur 46 13
1474 eur 46 14
1475 eur 46 15
1476 eur 46 18
1477 eur 47 3
1478 eur 47 9
1479 eur 47 13
1480 eur 47 14
1481 eur 47 15
1482 eur 47 18
1483 eur 48 3
1484 eur 48 9
1485 eur 48 13
1486 eur 48 14
1487 eur 48 15
1488 eur 48 18
1489 eur 49 3
1490 eur 49 9
1491 eur 49 13
1492 eur 49 14
1493 eur 49 15
1494 eur 49 18
1495 eur 50 3
1496 eur 50 9
1497 eur 50 13
1498 eur 50 14
1499 eur 50 15
1500 eur 50 18
1501 eur 51 3
1502 eur 51 9
1503 eur 51 13
1504 eur 51 14
1505 eur 51 15
1506 eur 51 18
1507 eur 52 3
1508 eur 52 9
1509 eur 52 13
1510 eur 52 14
1511 eur 52 15
1512 eur 52 18
1513 eur 53 3
1514 eur 53 9
1515 eur 53 13
1516 eur 53 14
1517 eur 53 15
1518 eur 53 18
1519 eur 54 3
1520 eur 54 9
1521 eur 54 13
1522 eur 54 14
1523 eur 54 15
1524 eur 54 18
1525 eur 55 3
1526 eur 55 9
1527 eur 55 13
1528 eur 55 14
1529 eur 55 15
1530 eur 55 18
1531 eur 56 3
1532 eur 56 9
1533 eur 56 13
1534 eur 56 14
1535 eur 56 15
1536 eur 56 18
1537 eur 57 3
1538 eur 57 9
1539 eur 57 13
1540 eur 57 14
1541 eur 57 15
1542 eur 57 18
1543 eur 58 3
1544 eur 58 9
1545 eur 58 13
1546 eur 58 14
1547 eur 58 15
1548 eur 58 18
1549 eur 59 3
1550 eur 59 9
1551 eur 59 13
1552 eur 59 14
1553 eur 59 15
1554 eur 59 18
1555 eur 60 3
1556 eur 60 9
1557 eur 60 13
1558 eur 60 14
1559 eur 60 15
1560 eur 60 18
1561 eur 61 3
1562 eur 61 9
1563 eur 61 13
1564 eur 61 14
1565 eur 61 15
1566 eur 61 18
1567 eur 62 3
1568 eur 62 9
1569 eur 62 13
1570 eur 62 14
1571 eur 62 15
1572 eur 62 18
1573 eur 63 3
1574 eur 63 9
1575 eur 63 13
1576 eur 63 14
1577 eur 63 15
1578 eur 63 18
1579 eur 64 3
1580 eur 64 9
1581 eur 64 13
1582 eur 64 14
1583 eur 64 15
1584 eur 64 18
1585 eur 65 3
1586 eur 65 9
1587 eur 65 13
1588 eur 65 14
1589 eur 65 15
1590 eur 65 18
1591 eur 66 3
1592 eur 66 9
1593 eur 66 13
1594 eur 66 14
1595 eur 66 15
1596 eur 66 18
1597 eur 67 3
1598 eur 67 9
1599 eur 67 13
1600 eur 67 14
1601 eur 67 15
1602 eur 67 18
1603 eur 68 3
1604 eur 68 9
1605 eur 68 13
1606 eur 68 14
1607 eur 68 15
1608 eur 68 18
1609 eur 69 3
1610 eur 69 9
1611 eur 69 13
1612 eur 69 14
1613 eur 69 15
1614 eur 69 18
1615 eur 70 3
1616 eur 70 9
1617 eur 70 13
1618 eur 70 14
1619 eur 70 15
1620 eur 70 18
1621 eur 71 3
1622 eur 71 9
1623 eur 71 13
1624 eur 71 14
1625 eur 71 15
1626 eur 71 18
1627 eur 72 3
1628 eur 72 9
1629 eur 72 13
1630 eur 72 14
1631 eur 72 15
1632 eur 72 18
1633 eur 73 3
1634 eur 73 9
1635 eur 73 13
1636 eur 73 14
1637 eur 73 15
1638 eur 73 18
1639 eur 74 3
1640 eur 74 9
1641 eur 74 13
1642 eur 74 14
1643 eur 74 15
1644 eur 74 18
1645 eur 75 3
1646 eur 75 9
1647 eur 75 13
1648 eur 75 14
1649 eur 75 15
1650 eur 75 18
1651 eur 76 3
1652 eur 76 9
1653 eur 76 13
1654 eur 76 14
1655 eur 76 15
1656 eur 76 18
1657 eur 77 3
1658 eur 77 9
1659 eur 77 13
1660 eur 77 14
1661 eur 77 15
1662 eur 77 18
1663 eur 78 3
1664 eur 78 9
1665 eur 78 13
1666 eur 78 14
1667 eur 78 15
1668 eur 78 18
1669 eur 79 3
1670 eur 79 9
1671 eur 79 13
1672 eur 79 14
1673 eur 79 15
1674 eur 79 18
1675 eur 80 3
1676 eur 80 9
1677 eur 80 13
1678 eur 80 14
1679 eur 80 15
1680 eur 80 18
1681 eur 81 3
1682 eur 81 9
1683 eur 81 13
1684 eur 81 14
1685 eur 81 15
1686 eur 81 18
1687 eur 82 3
1688 eur 82 9
1689 eur 82 13
1690 eur 82 14
1691 eur 82 15
1692 eur 82 18
1693 eur 83 3
1694 eur 83 9
1695 eur 83 13
1696 eur 83 14
1697 eur 83 15
1698 eur 83 18
1699 eur 84 3
1700 eur 84 9
1701 eur 84 13
1702 eur 84 14
1703 eur 84 15
1704 eur 84 18
1705 eur 85 3
1706 eur 85 9
1707 eur 85 13
1708 eur 85 14
1709 eur 85 15
1710 eur 85 18
1711 eur 86 3
1712 eur 86 9
1713 eur 86 13
1714 eur 86 14
1715 eur 86 15
1716 eur 86 18
1717 eur 87 3
1718 eur 87 9
1719 eur 87 13
1720 eur 87 14
1721 eur 87 15
1722 eur 87 18
1723 eur 88 3
1724 eur 88 9
1725 eur 88 13
1726 eur 88 14
1727 eur 88 15
1728 eur 88 18
1729 eur 89 3
1730 eur 89 9
1731 eur 89 13
1732 eur 89 14
1733 eur 89 15
1734 eur 89 18
1735 eur 90 3
1736 eur 90 9
1737 eur 90 13
1738 eur 90 14
1739 eur 90 15
1740 eur 90 18
1741 eur 91 3
1742 eur 91 9
1743 eur 91 13
1744 eur 91 14
1745 eur 91 15
1746 eur 91 18
1747 eur 92 3
1748 eur 92 9
1749 eur 92 13
1750 eur 92 14
1751 eur 92 15
1752 eur 92 18
1753 eur 93 3
1754 eur 93 9
1755 eur 93 13
1756 eur 93 14
1757 eur 93 15
1758 eur 93 18
1759 eur 94 3
1760 eur 94 9
1761 eur 94 13
1762 eur 94 14
1763 eur 94 15
1764 eur 94 18
1765 eur 95 3
1766 eur 95 9
1767 eur 95 13
1768 eur 95 14
1769 eur 95 15
1770 eur 95 18
1771 eur 96 3
1772 eur 96 9
1773 eur 96 13
1774 eur 96 14
1775 eur 96 15
1776 eur 96 18
1777 eur 97 3
1778 eur 97 9
1779 eur 97 13
1780 eur 97 14
1781 eur 97 15
1782 eur 97 18
1783 eur 98 3
1784 eur 98 9
1785 eur 98 13
1786 eur 98 14
1787 eur 98 15
1788 eur 98 18
1789 eur 99 3
1790 eur 99 9
1791 eur 99 13
1792 eur 99 14
1793 eur 99 15
1794 eur 99 18
1795 eur 100 3
1796 eur 100 9
1797 eur 100 13
1798 eur 100 14
1799 eur 100 15
1800 eur 100 18
1801 sas 1 3
1802 sas 1 9
1803 sas 1 13
1804 sas 1 14
1805 sas 1 15
1806 sas 1 18
1807 sas 2 3
1808 sas 2 9
1809 sas 2 13
1810 sas 2 14
1811 sas 2 15
1812 sas 2 18
1813 sas 3 3
1814 sas 3 9
1815 sas 3 13
1816 sas 3 14
1817 sas 3 15
1818 sas 3 18
1819 sas 4 3
1820 sas 4 9
1821 sas 4 13
1822 sas 4 14
1823 sas 4 15
1824 sas 4 18
1825 sas 5 3
1826 sas 5 9
1827 sas 5 13
1828 sas 5 14
1829 sas 5 15
1830 sas 5 18
1831 sas 6 3
1832 sas 6 9
1833 sas 6 13
1834 sas 6 14
1835 sas 6 15
1836 sas 6 18
1837 sas 7 3
1838 sas 7 9
1839 sas 7 13
1840 sas 7 14
1841 sas 7 15
1842 sas 7 18
1843 sas 8 3
1844 sas 8 9
1845 sas 8 13
1846 sas 8 14
1847 sas 8 15
1848 sas 8 18
1849 sas 9 3
1850 sas 9 9
1851 sas 9 13
1852 sas 9 14
1853 sas 9 15
1854 sas 9 18
1855 sas 10 3
1856 sas 10 9
1857 sas 10 13
1858 sas 10 14
1859 sas 10 15
1860 sas 10 18
1861 sas 11 3
1862 sas 11 9
1863 sas 11 13
1864 sas 11 14
1865 sas 11 15
1866 sas 11 18
1867 sas 12 3
1868 sas 12 9
1869 sas 12 13
1870 sas 12 14
1871 sas 12 15
1872 sas 12 18
1873 sas 13 3
1874 sas 13 9
1875 sas 13 13
1876 sas 13 14
1877 sas 13 15
1878 sas 13 18
1879 sas 14 3
1880 sas 14 9
1881 sas 14 13
1882 sas 14 14
1883 sas 14 15
1884 sas 14 18
1885 sas 15 3
1886 sas 15 9
1887 sas 15 13
1888 sas 15 14
1889 sas 15 15
1890 sas 15 18
1891 sas 16 3
1892 sas 16 9
1893 sas 16 13
1894 sas 16 14
1895 sas 16 15
1896 sas 16 18
1897 sas 17 3
1898 sas 17 9
1899 sas 17 13
1900 sas 17 14
1901 sas 17 15
1902 sas 17 18
1903 sas 18 3
1904 sas 18 9
1905 sas 18 13
1906 sas 18 14
1907 sas 18 15
1908 sas 18 18
1909 sas 19 3
1910 sas 19 9
1911 sas 19 13
1912 sas 19 14
1913 sas 19 15
1914 sas 19 18
1915 sas 20 3
1916 sas 20 9
1917 sas 20 13
1918 sas 20 14
1919 sas 20 15
1920 sas 20 18
1921 sas 21 3
1922 sas 21 9
1923 sas 21 13
1924 sas 21 14
1925 sas 21 15
1926 sas 21 18
1927 sas 22 3
1928 sas 22 9
1929 sas 22 13
1930 sas 22 14
1931 sas 22 15
1932 sas 22 18
1933 sas 23 3
1934 sas 23 9
1935 sas 23 13
1936 sas 23 14
1937 sas 23 15
1938 sas 23 18
1939 sas 24 3
1940 sas 24 9
1941 sas 24 13
1942 sas 24 14
1943 sas 24 15
1944 sas 24 18
1945 sas 25 3
1946 sas 25 9
1947 sas 25 13
1948 sas 25 14
1949 sas 25 15
1950 sas 25 18
1951 sas 26 3
1952 sas 26 9
1953 sas 26 13
1954 sas 26 14
1955 sas 26 15
1956 sas 26 18
1957 sas 27 3
1958 sas 27 9
1959 sas 27 13
1960 sas 27 14
1961 sas 27 15
1962 sas 27 18
1963 sas 28 3
1964 sas 28 9
1965 sas 28 13
1966 sas 28 14
1967 sas 28 15
1968 sas 28 18
1969 sas 29 3
1970 sas 29 9
1971 sas 29 13
1972 sas 29 14
1973 sas 29 15
1974 sas 29 18
1975 sas 30 3
1976 sas 30 9
1977 sas 30 13
1978 sas 30 14
1979 sas 30 15
1980 sas 30 18
1981 sas 31 3
1982 sas 31 9
1983 sas 31 13
1984 sas 31 14
1985 sas 31 15
1986 sas 31 18
1987 sas 32 3
1988 sas 32 9
1989 sas 32 13
1990 sas 32 14
1991 sas 32 15
1992 sas 32 18
1993 sas 33 3
1994 sas 33 9
1995 sas 33 13
1996 sas 33 14
1997 sas 33 15
1998 sas 33 18
1999 sas 34 3
2000 sas 34 9
2001 sas 34 13
2002 sas 34 14
2003 sas 34 15
2004 sas 34 18
2005 sas 35 3
2006 sas 35 9
2007 sas 35 13
2008 sas 35 14
2009 sas 35 15
2010 sas 35 18
2011 sas 36 3
2012 sas 36 9
2013 sas 36 13
2014 sas 36 14
2015 sas 36 15
2016 sas 36 18
2017 sas 37 3
2018 sas 37 9
2019 sas 37 13
2020 sas 37 14
2021 sas 37 15
2022 sas 37 18
2023 sas 38 3
2024 sas 38 9
2025 sas 38 13
2026 sas 38 14
2027 sas 38 15
2028 sas 38 18
2029 sas 39 3
2030 sas 39 9
2031 sas 39 13
2032 sas 39 14
2033 sas 39 15
2034 sas 39 18
2035 sas 40 3
2036 sas 40 9
2037 sas 40 13
2038 sas 40 14
2039 sas 40 15
2040 sas 40 18
2041 sas 41 3
2042 sas 41 9
2043 sas 41 13
2044 sas 41 14
2045 sas 41 15
2046 sas 41 18
2047 sas 42 3
2048 sas 42 9
2049 sas 42 13
2050 sas 42 14
2051 sas 42 15
2052 sas 42 18
2053 sas 43 3
2054 sas 43 9
2055 sas 43 13
2056 sas 43 14
2057 sas 43 15
2058 sas 43 18
2059 sas 44 3
2060 sas 44 9
2061 sas 44 13
2062 sas 44 14
2063 sas 44 15
2064 sas 44 18
2065 sas 45 3
2066 sas 45 9
2067 sas 45 13
2068 sas 45 14
2069 sas 45 15
2070 sas 45 18
2071 sas 46 3
2072 sas 46 9
2073 sas 46 13
2074 sas 46 14
2075 sas 46 15
2076 sas 46 18
2077 sas 47 3
2078 sas 47 9
2079 sas 47 13
2080 sas 47 14
2081 sas 47 15
2082 sas 47 18
2083 sas 48 3
2084 sas 48 9
2085 sas 48 13
2086 sas 48 14
2087 sas 48 15
2088 sas 48 18
2089 sas 49 3
2090 sas 49 9
2091 sas 49 13
2092 sas 49 14
2093 sas 49 15
2094 sas 49 18
2095 sas 50 3
2096 sas 50 9
2097 sas 50 13
2098 sas 50 14
2099 sas 50 15
2100 sas 50 18
2101 sas 51 3
2102 sas 51 9
2103 sas 51 13
2104 sas 51 14
2105 sas 51 15
2106 sas 51 18
2107 sas 52 3
2108 sas 52 9
2109 sas 52 13
2110 sas 52 14
2111 sas 52 15
2112 sas 52 18
2113 sas 53 3
2114 sas 53 9
2115 sas 53 13
2116 sas 53 14
2117 sas 53 15
2118 sas 53 18
2119 sas 54 3
2120 sas 54 9
2121 sas 54 13
2122 sas 54 14
2123 sas 54 15
2124 sas 54 18
2125 sas 55 3
2126 sas 55 9
2127 sas 55 13
2128 sas 55 14
2129 sas 55 15
2130 sas 55 18
2131 sas 56 3
2132 sas 56 9
2133 sas 56 13
2134 sas 56 14
2135 sas 56 15
2136 sas 56 18
2137 sas 57 3
2138 sas 57 9
2139 sas 57 13
2140 sas 57 14
2141 sas 57 15
2142 sas 57 18
2143 sas 58 3
2144 sas 58 9
2145 sas 58 13
2146 sas 58 14
2147 sas 58 15
2148 sas 58 18
2149 sas 59 3
2150 sas 59 9
2151 sas 59 13
2152 sas 59 14
2153 sas 59 15
2154 sas 59 18
2155 sas 60 3
2156 sas 60 9
2157 sas 60 13
2158 sas 60 14
2159 sas 60 15
2160 sas 60 18
2161 sas 61 3
2162 sas 61 9
2163 sas 61 13
2164 sas 61 14
2165 sas 61 15
2166 sas 61 18
2167 sas 62 3
2168 sas 62 9
2169 sas 62 13
2170 sas 62 14
2171 sas 62 15
2172 sas 62 18
2173 sas 63 3
2174 sas 63 9
2175 sas 63 13
2176 sas 63 14
2177 sas 63 15
2178 sas 63 18
2179 sas 64 3
2180 sas 64 9
2181 sas 64 13
2182 sas 64 14
2183 sas 64 15
2184 sas 64 18
2185 sas 65 3
2186 sas 65 9
2187 sas 65 13
2188 sas 65 14
2189 sas 65 15
2190 sas 65 18
2191 sas 66 3
2192 sas 66 9
2193 sas 66 13
2194 sas 66 14
2195 sas 66 15
2196 sas 66 18
2197 sas 67 3
2198 sas 67 9
2199 sas 67 13
2200 sas 67 14
2201 sas 67 15
2202 sas 67 18
2203 sas 68 3
2204 sas 68 9
2205 sas 68 13
2206 sas 68 14
2207 sas 68 15
2208 sas 68 18
2209 sas 69 3
2210 sas 69 9
2211 sas 69 13
2212 sas 69 14
2213 sas 69 15
2214 sas 69 18
2215 sas 70 3
2216 sas 70 9
2217 sas 70 13
2218 sas 70 14
2219 sas 70 15
2220 sas 70 18
2221 sas 71 3
2222 sas 71 9
2223 sas 71 13
2224 sas 71 14
2225 sas 71 15
2226 sas 71 18
2227 sas 72 3
2228 sas 72 9
2229 sas 72 13
2230 sas 72 14
2231 sas 72 15
2232 sas 72 18
2233 sas 73 3
2234 sas 73 9
2235 sas 73 13
2236 sas 73 14
2237 sas 73 15
2238 sas 73 18
2239 sas 74 3
2240 sas 74 9
2241 sas 74 13
2242 sas 74 14
2243 sas 74 15
2244 sas 74 18
2245 sas 75 3
2246 sas 75 9
2247 sas 75 13
2248 sas 75 14
2249 sas 75 15
2250 sas 75 18
2251 sas 76 3
2252 sas 76 9
2253 sas 76 13
2254 sas 76 14
2255 sas 76 15
2256 sas 76 18
2257 sas 77 3
2258 sas 77 9
2259 sas 77 13
2260 sas 77 14
2261 sas 77 15
2262 sas 77 18
2263 sas 78 3
2264 sas 78 9
2265 sas 78 13
2266 sas 78 14
2267 sas 78 15
2268 sas 78 18
2269 sas 79 3
2270 sas 79 9
2271 sas 79 13
2272 sas 79 14
2273 sas 79 15
2274 sas 79 18
2275 sas 80 3
2276 sas 80 9
2277 sas 80 13
2278 sas 80 14
2279 sas 80 15
2280 sas 80 18
2281 sas 81 3
2282 sas 81 9
2283 sas 81 13
2284 sas 81 14
2285 sas 81 15
2286 sas 81 18
2287 sas 82 3
2288 sas 82 9
2289 sas 82 13
2290 sas 82 14
2291 sas 82 15
2292 sas 82 18
2293 sas 83 3
2294 sas 83 9
2295 sas 83 13
2296 sas 83 14
2297 sas 83 15
2298 sas 83 18
2299 sas 84 3
2300 sas 84 9
2301 sas 84 13
2302 sas 84 14
2303 sas 84 15
2304 sas 84 18
2305 sas 85 3
2306 sas 85 9
2307 sas 85 13
2308 sas 85 14
2309 sas 85 15
2310 sas 85 18
2311 sas 86 3
2312 sas 86 9
2313 sas 86 13
2314 sas 86 14
2315 sas 86 15
2316 sas 86 18
2317 sas 87 3
2318 sas 87 9
2319 sas 87 13
2320 sas 87 14
2321 sas 87 15
2322 sas 87 18
2323 sas 88 3
2324 sas 88 9
2325 sas 88 13
2326 sas 88 14
2327 sas 88 15
2328 sas 88 18
2329 sas 89 3
2330 sas 89 9
2331 sas 89 13
2332 sas 89 14
2333 sas 89 15
2334 sas 89 18
2335 sas 90 3
2336 sas 90 9
2337 sas 90 13
2338 sas 90 14
2339 sas 90 15
2340 sas 90 18
2341 sas 91 3
2342 sas 91 9
2343 sas 91 13
2344 sas 91 14
2345 sas 91 15
2346 sas 91 18
2347 sas 92 3
2348 sas 92 9
2349 sas 92 13
2350 sas 92 14
2351 sas 92 15
2352 sas 92 18
2353 sas 93 3
2354 sas 93 9
2355 sas 93 13
2356 sas 93 14
2357 sas 93 15
2358 sas 93 18
2359 sas 94 3
2360 sas 94 9
2361 sas 94 13
2362 sas 94 14
2363 sas 94 15
2364 sas 94 18
2365 sas 95 3
2366 sas 95 9
2367 sas 95 13
2368 sas 95 14
2369 sas 95 15
2370 sas 95 18
2371 sas 96 3
2372 sas 96 9
2373 sas 96 13
2374 sas 96 14
2375 sas 96 15
2376 sas 96 18
2377 sas 97 3
2378 sas 97 9
2379 sas 97 13
2380 sas 97 14
2381 sas 97 15
2382 sas 97 18
2383 sas 98 3
2384 sas 98 9
2385 sas 98 13
2386 sas 98 14
2387 sas 98 15
2388 sas 98 18
2389 sas 99 3
2390 sas 99 9
2391 sas 99 13
2392 sas 99 14
2393 sas 99 15
2394 sas 99 18
2395 sas 100 3
2396 sas 100 9
2397 sas 100 13
2398 sas 100 14
2399 sas 100 15
2400 sas 100 18
